"metric","value"
"ks_stat",NA
"wasserstein",1.78316186571527
"skewness_diff",3.67454929445454
"kurtosis_diff",40.2720225873695
"q01_diff",0.993864386198116
"q05_diff",0.990839183660877
"q95_diff",0.0926870058719387
"q99_diff",0.965436226275362
